TIME(MS),COMMAND,VALUE, WORD
000030, 1, 1, START
000030, 2, 1, START
000030, 3, 1, START
000030, 4, 1, START
000030, 5, 1, START
000030, 6, 1, START
000030, 7, 1, START
000030, 8, 1, START
013726, 1, 0, OPEN
014089, 1, 1, Frost
014122, 1, 0, OPEN
014445, 1, 1, y
014460, 1, 0, OPEN
014556, 1, 1, the
014569, 1, 0, OPEN
014713, 1, 1, S
014742, 1, 0, OPEN
015061, 1, 1, now
015094, 1, 0, OPEN
015770, 1, 1, man
015819, 1, 0, OPEN
016005, 1, 1, was
016034, 1, 0, OPEN
016103, 1, 1, a
016199, 1, 0, OPEN
016589, 1, 1, Joll
016638, 1, 0, OPEN
017084, 1, 1, ly
017102, 1, 0, OPEN
017327, 1, 1, Hap
017472, 1, 0, OPEN
017580, 1, 1, py
017599, 1, 0, OPEN
018195, 1, 1, Soul
018839, 1, 0, OPEN
018939, 1, 1, with
018969, 1, 0, OPEN
019087, 1, 1, a
019218, 1, 0, OPEN
019558, 1, 1, corn
019621, 1, 0, OPEN
019833, 1, 1, cob
019989, 1, 0, OPEN
020329, 1, 1, pipe
020423, 1, 0, OPEN
020664, 1, 1, and
020684, 1, 0, OPEN
020788, 1, 1, a
020848, 1, 0, OPEN
020992, 1, 1, but
021108, 1, 0, OPEN
021430, 1, 1, ton
021458, 1, 0, OPEN
021784, 1, 1, nose
021816, 1, 0, OPEN
022093, 1, 1, and
022152, 1, 0, OPEN
022312, 1, 1, two
022334, 1, 0, OPEN
022648, 1, 1, eyes
022674, 1, 0, OPEN
023038, 1, 1, made
023083, 1, 0, OPEN
023412, 1, 1, out
023460, 1, 0, OPEN
023616, 1, 1, of
023864, 1, 0, OPEN
024599, 1, 1, coal
025986, 1, 0, OPEN
026425, 1, 1, Frosty
026451, 1, 0, OPEN
026572, 1, 1, the
026686, 1, 0, OPEN
027036, 1, 1, Snow
027071, 1, 0, OPEN
027677, 1, 1, man
027764, 1, 0, OPEN
027911, 1, 1, is
027970, 1, 0, OPEN
028103, 1, 1, a
028351, 1, 0, OPEN
028852, 1, 1, Fairy
028997, 1, 0, OPEN
029411, 1, 1, tale
029462, 1, 0, OPEN
029633, 1, 1, they
029770, 1, 0, OPEN
030177, 1, 1, Say
030797, 1, 0, OPEN
030929, 1, 1, he
030939, 1, 0, OPEN
031125, 1, 1, was
031163, 1, 0, OPEN
031546, 1, 1, made
031582, 1, 0, OPEN
031707, 1, 1, of
031740, 1, 0, OPEN
032265, 1, 1, snow
032325, 1, 0, OPEN
032448, 1, 1, but
032738, 1, 0, OPEN
033237, 1, 1, children
033427, 1, 0, OPEN
033748, 1, 1, know
033786, 1, 0, OPEN
034106, 1, 1, how
034124, 1, 0, OPEN
034214, 1, 1, he
034324, 1, 0, OPEN
034636, 1, 1, came
034652, 1, 0, OPEN
034860, 1, 1, to
034933, 1, 0, OPEN
035324, 1, 1, life
035437, 1, 0, OPEN
035641, 1, 1, one
035820, 1, 0, OPEN
036199, 1, 1, day
037152, 1, 0, OPEN
037282, 1, 1, there
037327, 1, 0, OPEN
037637, 1, 1, must
037679, 1, 0, OPEN
037843, 1, 1, have
037945, 1, 0, OPEN
038309, 1, 1, been
038371, 1, 0, OPEN
038635, 1, 1, some
038805, 1, 0, OPEN
039401, 1, 1, magic
039473, 1, 0, OPEN
039679, 1, 1, in
040189, 1, 0, OPEN
040310, 1, 1, that
040326, 1, 0, OPEN
040534, 1, 1, old
040556, 1, 0, OPEN
041291, 1, 1, silk hat
041474, 1, 0, OPEN
041663, 1, 1, they
041746, 1, 0, OPEN
042536, 1, 1, found
043259, 1, 0, OPEN
043683, 1, 1, for when
043735, 1, 0, OPEN
043948, 1, 1, they
044104, 1, 0, OPEN
044480, 1, 1, placed
044497, 1, 0, OPEN
044728, 1, 1, it
045055, 1, 0, OPEN
045235, 1, 1, on
045310, 1, 0, OPEN
045559, 1, 1, his
045601, 1, 0, OPEN
045809, 1, 1, head
045833, 1, 0, OPEN
045949, 1, 1, he
046008, 1, 0, OPEN
046135, 1, 1, be
046230, 1, 0, OPEN
046623, 1, 1, gan
046743, 1, 0, OPEN
046871, 1, 1, to
046985, 1, 0, OPEN
047541, 1, 1, dance
047670, 1, 0, OPEN
048477, 1, 1, around
048946, 1, 0, OPEN
049457, 1, 1, oh
049624, 1, 0, OPEN
050000, 1, 1, Frost
050130, 1, 0, OPEN
050452, 1, 1, y
050495, 1, 0, OPEN
050582, 1, 1, the
050620, 1, 0, OPEN
050757, 1, 1, S
050800, 1, 0, OPEN
051058, 1, 1, now
051127, 1, 0, OPEN
051682, 1, 1, man
051876, 1, 0, OPEN
052018, 1, 1, was
052042, 1, 0, OPEN
052184, 1, 1, a
052259, 1, 0, OPEN
052723, 1, 1, live
052780, 1, 0, OPEN
052895, 1, 1, as
052950, 1, 0, OPEN
053354, 1, 1, He
053492, 1, 0, OPEN
053600, 1, 1, could
053763, 1, 0, OPEN
054059, 1, 1, be
054863, 1, 0, OPEN
055216, 1, 1, and the
055287, 1, 0, OPEN
055878, 1, 1, children
055970, 1, 0, OPEN
056420, 1, 1, say
056470, 1, 0, OPEN
056640, 1, 1, he
056697, 1, 0, OPEN
057054, 1, 1, cd laugh
057136, 1, 0, OPEN
057302, 1, 1, and
057441, 1, 0, OPEN
057719, 1, 1, play
057853, 1, 0, OPEN
058050, 1, 1, just
058196, 1, 0, OPEN
058688, 1, 1, same
058726, 1, 0, OPEN
058974, 1, 1, as
059069, 1, 0, OPEN
059365, 1, 1, you
059459, 1, 0, OPEN
059703, 1, 1, and
059852, 1, 0, OPEN
060408, 1, 1, me
061472, 2, 0, OPEN
061472, 3, 0, OPEN
061472, 4, 0, OPEN
061472, 5, 0, OPEN
061891, 2, 1, Frost
061891, 3, 1, Frost
061891, 4, 1, Frost
061891, 5, 1, Frost
061952, 2, 0, OPEN
061952, 3, 0, OPEN
061952, 4, 0, OPEN
061952, 5, 0, OPEN
062200, 2, 1, ty
062200, 3, 1, ty
062200, 4, 1, ty
062200, 5, 1, ty
062258, 2, 0, OPEN
062259, 3, 0, OPEN
062260, 4, 0, OPEN
062260, 5, 0, OPEN
062960, 2, 1, clumbsy as
062961, 3, 1, clumbsy as
062962, 4, 1, clumbsy as
062962, 5, 1, clumbsy as
063019, 2, 0, OPEN
063020, 3, 0, OPEN
063021, 4, 0, OPEN
063021, 5, 0, OPEN
063349, 2, 1, he
063350, 3, 1, he
063351, 4, 1, he
063351, 5, 1, he
063502, 2, 0, OPEN
063502, 3, 0, OPEN
063502, 4, 0, OPEN
063502, 5, 0, OPEN
063764, 2, 1, can
063764, 3, 1, can
063764, 4, 1, can
063764, 5, 1, can
063842, 2, 0, OPEN
063842, 3, 0, OPEN
063842, 4, 0, OPEN
063842, 5, 0, OPEN
064117, 2, 1, be
064117, 3, 1, be
064117, 4, 1, be
064117, 5, 1, be
064602, 2, 0, OPEN
064602, 3, 0, OPEN
064602, 4, 0, OPEN
064602, 5, 0, OPEN
064878, 2, 1, see
064878, 3, 1, see
064878, 4, 1, see
064878, 5, 1, see
065120, 2, 0, OPEN
065120, 3, 0, OPEN
065120, 4, 0, OPEN
065120, 5, 0, OPEN
065382, 2, 1, him
065382, 3, 1, him
065382, 4, 1, him
065382, 5, 1, him
065396, 2, 0, OPEN
065396, 3, 0, OPEN
065396, 4, 0, OPEN
065396, 5, 0, OPEN
065654, 2, 1, lop
065654, 3, 1, lop
065654, 4, 1, lop
065654, 5, 1, lop
065703, 2, 0, OPEN
065703, 3, 0, OPEN
065703, 4, 0, OPEN
065703, 5, 0, OPEN
066073, 2, 1, ping a
066073, 3, 1, ping a
066073, 4, 1, ping a
066073, 5, 1, ping a
066188, 2, 0, OPEN
066188, 3, 0, OPEN
066188, 4, 0, OPEN
066188, 5, 0, OPEN
067160, 2, 1, long
067160, 3, 1, long
067160, 4, 1, long
067160, 5, 1, long
067762, 2, 0, OPEN
067762, 3, 0, OPEN
067762, 4, 0, OPEN
067762, 5, 0, OPEN
067991, 2, 1, off
067991, 3, 1, off
067991, 4, 1, off
067991, 5, 1, off
068261, 2, 0, OPEN
068261, 3, 0, OPEN
068261, 4, 0, OPEN
068261, 5, 0, OPEN
068494, 2, 1, he
068494, 3, 1, he
068494, 4, 1, he
068494, 5, 1, he
068566, 2, 0, OPEN
068566, 3, 0, OPEN
068566, 4, 0, OPEN
068566, 5, 0, OPEN
068798, 2, 1, goes
068798, 3, 1, goes
068798, 4, 1, goes
068798, 5, 1, goes
068845, 2, 0, OPEN
068845, 3, 0, OPEN
068845, 4, 0, OPEN
068845, 5, 0, OPEN
069043, 2, 1, on
069043, 3, 1, on
069043, 4, 1, on
069043, 5, 1, on
069070, 2, 0, OPEN
069070, 3, 0, OPEN
069070, 4, 0, OPEN
069070, 5, 0, OPEN
069318, 2, 1, an
069318, 3, 1, an
069318, 4, 1, an
069318, 5, 1, an
069336, 2, 0, OPEN
069336, 3, 0, OPEN
069336, 4, 0, OPEN
069336, 5, 0, OPEN
069909, 2, 1, icicle
069909, 3, 1, icicle
069909, 4, 1, icicle
069909, 5, 1, icicle
069992, 2, 0, OPEN
069992, 3, 0, OPEN
069992, 4, 0, OPEN
069992, 5, 0, OPEN
070825, 2, 1, spree
070825, 3, 1, spree
070825, 4, 1, spree
070825, 5, 1, spree
071168, 2, 0, OPEN
071168, 3, 0, OPEN
071168, 4, 0, OPEN
071168, 5, 0, OPEN
071515, 2, 1, with
071515, 3, 1, with
071515, 4, 1, with
071515, 5, 1, with
071572, 2, 0, OPEN
071572, 3, 0, OPEN
071572, 4, 0, OPEN
071572, 5, 0, OPEN
071706, 2, 1, a
071706, 3, 1, a
071706, 4, 1, a
071706, 5, 1, a
071731, 2, 0, OPEN
071731, 3, 0, OPEN
071731, 4, 0, OPEN
071731, 5, 0, OPEN
071971, 2, 1, hap
071971, 3, 1, hap
071971, 4, 1, hap
071971, 5, 1, hap
072092, 2, 0, OPEN
072092, 3, 0, OPEN
072092, 4, 0, OPEN
072092, 5, 0, OPEN
072289, 2, 1, py
072289, 3, 1, py
072289, 4, 1, py
072289, 5, 1, py
072343, 2, 0, OPEN
072343, 3, 0, OPEN
072343, 4, 0, OPEN
072343, 5, 0, OPEN
073568, 2, 1, Song
073568, 3, 1, Song
073568, 4, 1, Song
073568, 5, 1, Song
073686, 1, 0, OPEN
074166, 1, 1, oh
074455, 1, 0, OPEN
074751, 1, 1, Frost
074812, 1, 0, OPEN
075352, 1, 1, y
075401, 1, 0, OPEN
075541, 1, 1, the S
075574, 1, 0, OPEN
075791, 1, 1, now
075837, 1, 0, OPEN
076399, 1, 1, man
076572, 1, 0, OPEN
076860, 1, 1, knew
076872, 1, 0, OPEN
076996, 1, 1, the
077014, 1, 0, OPEN
077318, 1, 1, sun
077407, 1, 0, OPEN
077530, 1, 1, was
077696, 1, 0, OPEN
077939, 1, 1, Hot
078201, 1, 0, OPEN
078375, 1, 1, that
078469, 1, 0, OPEN
078924, 1, 1, day
079588, 1, 0, OPEN
079903, 1, 1, so he
080016, 1, 0, OPEN
080287, 1, 1, said
080350, 1, 0, OPEN
080775, 1, 1, lets
080851, 1, 0, OPEN
081035, 1, 1, run
081054, 1, 0, OPEN
081386, 1, 1, and we will
081467, 1, 0, OPEN
081645, 1, 1, have
081716, 1, 0, OPEN
082109, 1, 1, some
082239, 1, 0, OPEN
082410, 1, 1, fun
082552, 1, 0, OPEN
082852, 1, 1, now
082975, 1, 0, OPEN
083380, 1, 1, before
083458, 1, 0, OPEN
083741, 1, 1, I
083907, 1, 0, OPEN
084193, 1, 1, melt
084243, 1, 0, OPEN
085267, 1, 1, away
086760, 1, 0, OPEN
087057, 1, 1, Down
087117, 1, 0, OPEN
087237, 1, 1, to
087275, 1, 0, OPEN
087396, 1, 1, the
087547, 1, 0, OPEN
088382, 1, 1, village
088642, 1, 0, OPEN
088921, 1, 1, with a
089039, 1, 0, OPEN
089700, 1, 1, broomstick
089839, 1, 0, OPEN
090463, 1, 1, in his
090507, 1, 0, OPEN
090948, 1, 1, hand
091622, 1, 0, OPEN
092046, 1, 1, runing
092145, 1, 0, OPEN
092691, 1, 1, here and
092776, 1, 0, OPEN
093080, 1, 1, there
093193, 1, 0, OPEN
093446, 1, 1, all
093493, 1, 0, OPEN
094066, 1, 1, around the
094116, 1, 0, OPEN
094532, 1, 1, square
094560, 1, 0, OPEN
095031, 1, 1, saying
095184, 1, 0, OPEN
095445, 1, 1, catch
095573, 1, 0, OPEN
095811, 1, 1, me
095929, 1, 0, OPEN
096190, 1, 1, If
096285, 1, 0, OPEN
096389, 1, 1, you
096549, 1, 0, OPEN
097186, 1, 1, can
097791, 2, 0, OPEN
097791, 3, 0, OPEN
097791, 4, 0, OPEN
097791, 5, 0, OPEN
098470, 2, 1, He Led
098470, 3, 1, He Led
098470, 4, 1, He Led
098470, 5, 1, He Led
098564, 2, 0, OPEN
098564, 3, 0, OPEN
098564, 4, 0, OPEN
098564, 5, 0, OPEN
098943, 2, 1, them
098943, 3, 1, them
098943, 4, 1, them
098943, 5, 1, them
098964, 2, 0, OPEN
098964, 3, 0, OPEN
098964, 4, 0, OPEN
098964, 5, 0, OPEN
099506, 2, 1, Down
099506, 3, 1, Down
099506, 4, 1, Down
099506, 5, 1, Down
099562, 2, 0, OPEN
099562, 3, 0, OPEN
099562, 4, 0, OPEN
099562, 5, 0, OPEN
099970, 2, 1, the street
099970, 3, 1, the street
099970, 4, 1, the street
099970, 5, 1, the street
100019, 2, 0, OPEN
100019, 3, 0, OPEN
100019, 4, 0, OPEN
100019, 5, 0, OPEN
100294, 2, 1, s of
100294, 3, 1, s of
100294, 4, 1, s of
100294, 5, 1, s of
100407, 2, 0, OPEN
100407, 3, 0, OPEN
100407, 4, 0, OPEN
100407, 5, 0, OPEN
100766, 2, 1, town
100766, 3, 1, town
100766, 4, 1, town
100766, 5, 1, town
100818, 2, 0, OPEN
100818, 3, 0, OPEN
100818, 4, 0, OPEN
100818, 5, 0, OPEN
101045, 2, 1, Right
101045, 3, 1, Right
101045, 4, 1, Right
101045, 5, 1, Right
101197, 2, 0, OPEN
101197, 3, 0, OPEN
101197, 4, 0, OPEN
101197, 5, 0, OPEN
101474, 2, 1, to
101474, 3, 1, to
101474, 4, 1, to
101474, 5, 1, to
101599, 2, 0, OPEN
101599, 3, 0, OPEN
101599, 4, 0, OPEN
101599, 5, 0, OPEN
101831, 2, 1, the
101831, 3, 1, the
101831, 4, 1, the
101831, 5, 1, the
101911, 2, 0, OPEN
101911, 3, 0, OPEN
101911, 4, 0, OPEN
101911, 5, 0, OPEN
102221, 2, 1, traf
102221, 3, 1, traf
102221, 4, 1, traf
102221, 5, 1, traf
102363, 2, 0, OPEN
102363, 3, 0, OPEN
102363, 4, 0, OPEN
102363, 5, 0, OPEN
102510, 2, 1, fic
102510, 3, 1, fic
102510, 4, 1, fic
102510, 5, 1, fic
102666, 2, 0, OPEN
102666, 3, 0, OPEN
102666, 4, 0, OPEN
102666, 5, 0, OPEN
102910, 2, 1, cop
102910, 3, 1, cop
102910, 4, 1, cop
102910, 5, 1, cop
103796, 1, 0, OPEN
104097, 1, 1, and
104125, 1, 0, OPEN
104835, 1, 1, he only
104975, 1, 0, OPEN
105327, 1, 1, paused
105384, 1, 0, OPEN
105533, 1, 1, a
105767, 1, 0, OPEN
106313, 1, 1, moment
106348, 1, 0, OPEN
106812, 1, 1, when
107136, 1, 0, OPEN
107238, 1, 1, he
107267, 1, 0, OPEN
107555, 1, 1, hear
107597, 1, 0, OPEN
107763, 1, 1, him
108002, 1, 0, OPEN
108432, 1, 1, holler
108641, 2, 0, OPEN
108641, 3, 0, OPEN
108641, 4, 0, OPEN
108641, 5, 0, OPEN
110140, 2, 1, STOP
110140, 3, 1, STOP
110140, 4, 1, STOP
110140, 5, 1, STOP
110746, 1, 0, OPEN
111049, 1, 1, Frost
111101, 1, 0, OPEN
111365, 1, 1, y
111451, 1, 0, OPEN
111640, 1, 1, the S
111735, 1, 0, OPEN
112007, 1, 1, now
112077, 1, 0, OPEN
112631, 1, 1, man
112823, 1, 0, OPEN
112965, 1, 1, had
113165, 1, 0, OPEN
113262, 1, 1, to
113315, 1, 0, OPEN
113846, 1, 1, hurry
114066, 1, 0, OPEN
114365, 1, 1, on
114438, 1, 0, OPEN
114587, 1, 1, His
114658, 1, 0, OPEN
115081, 1, 1, way
115782, 1, 0, OPEN
116072, 1, 1, but he
116162, 1, 0, OPEN
116493, 1, 1, waved
116689, 1, 0, OPEN
116791, 1, 1, good
116917, 1, 0, OPEN
117174, 1, 1, buy
117227, 1, 0, OPEN
117650, 1, 1, saying
117802, 1, 0, OPEN
117976, 1, 1, dont
118095, 1, 0, OPEN
118275, 1, 1, you
118386, 1, 0, OPEN
118620, 1, 1, cry
118764, 1, 0, OPEN
118994, 1, 1, ill
119116, 1, 0, OPEN
119201, 1, 1, be
119270, 1, 0, OPEN
119577, 1, 1, back
119873, 1, 0, OPEN
120193, 1, 1, again
120327, 1, 0, OPEN
120644, 1, 1, some
120834, 1, 0, OPEN
121129, 1, 1, day
122299, 2, 0, OPEN
122299, 3, 0, OPEN
122299, 4, 0, OPEN
122299, 5, 0, OPEN
122929, 2, 1, thumpety
122929, 3, 1, thumpety
122929, 4, 1, thumpety
122929, 5, 1, thumpety
123019, 2, 0, OPEN
123019, 3, 0, OPEN
123019, 4, 0, OPEN
123019, 5, 0, OPEN
123261, 2, 1, thump
123261, 3, 1, thump
123261, 4, 1, thump
123261, 5, 1, thump
123423, 2, 0, OPEN
123423, 3, 0, OPEN
123423, 4, 0, OPEN
123423, 5, 0, OPEN
123617, 2, 1, thump
123617, 3, 1, thump
123617, 4, 1, thump
123617, 5, 1, thump
123786, 2, 0, OPEN
123786, 3, 0, OPEN
123786, 4, 0, OPEN
123786, 5, 0, OPEN
124415, 2, 1, thumpety
124415, 3, 1, thumpety
124415, 4, 1, thumpety
124415, 5, 1, thumpety
124533, 2, 0, OPEN
124533, 3, 0, OPEN
124533, 4, 0, OPEN
124533, 5, 0, OPEN
124685, 2, 1, thump
124685, 3, 1, thump
124685, 4, 1, thump
124685, 5, 1, thump
124883, 2, 0, OPEN
124883, 3, 0, OPEN
124883, 4, 0, OPEN
124883, 5, 0, OPEN
125131, 2, 1, thump
125131, 3, 1, thump
125131, 4, 1, thump
125131, 5, 1, thump
125453, 1, 0, OPEN
125593, 1, 1, look
125656, 1, 0, OPEN
125789, 1, 1, at
126047, 1, 0, OPEN
126576, 1, 1, frosty
126647, 1, 0, OPEN
127014, 1, 1, go
128299, 2, 0, OPEN
128299, 3, 0, OPEN
128299, 4, 0, OPEN
128299, 5, 0, OPEN
128881, 2, 1, thumpety
128881, 3, 1, thumpety
128881, 4, 1, thumpety
128881, 5, 1, thumpety
129034, 2, 0, OPEN
129034, 3, 0, OPEN
129034, 4, 0, OPEN
129034, 5, 0, OPEN
129223, 2, 1, thump
129223, 3, 1, thump
129223, 4, 1, thump
129223, 5, 1, thump
129420, 2, 0, OPEN
129420, 3, 0, OPEN
129420, 4, 0, OPEN
129420, 5, 0, OPEN
129580, 2, 1, thump
129580, 3, 1, thump
129580, 4, 1, thump
129580, 5, 1, thump
129789, 2, 0, OPEN
129789, 3, 0, OPEN
129789, 4, 0, OPEN
129789, 5, 0, OPEN
130319, 2, 1, thumpety
130319, 3, 1, thumpety
130319, 4, 1, thumpety
130319, 5, 1, thumpety
130498, 2, 0, OPEN
130498, 3, 0, OPEN
130498, 4, 0, OPEN
130498, 5, 0, OPEN
130650, 2, 1, thump
130650, 3, 1, thump
130650, 4, 1, thump
130650, 5, 1, thump
130865, 2, 0, OPEN
130865, 3, 0, OPEN
130865, 4, 0, OPEN
130865, 5, 0, OPEN
131037, 2, 1, thump
131037, 3, 1, thump
131037, 4, 1, thump
131037, 5, 1, thump
134410, 2, 0, OPEN
134410, 3, 0, OPEN
134410, 4, 0, OPEN
134410, 5, 0, OPEN
134649, 2, 1, over
134649, 3, 1, over
134649, 4, 1, over
134649, 5, 1, over
135009, 2, 0, OPEN
135009, 3, 0, OPEN
135009, 4, 0, OPEN
135009, 5, 0, OPEN
135463, 2, 1, the hills
135463, 3, 1, the hills
135463, 4, 1, the hills
135463, 5, 1, the hills
135558, 2, 0, OPEN
135558, 3, 0, OPEN
135558, 4, 0, OPEN
135558, 5, 0, OPEN
135754, 2, 1, and
135754, 3, 1, and
135754, 4, 1, and
135754, 5, 1, and
135820, 2, 0, OPEN
135820, 3, 0, OPEN
135820, 4, 0, OPEN
135820, 5, 0, OPEN
137017, 2, 1, Snow
137017, 3, 1, Snow
137017, 4, 1, Snow
137017, 5, 1, Snow
138000, 99, 1, END
