TIME(MS),COMMAND,VALUE
 000000 ,1      ,0
 000000 ,2      ,0
 000000 ,3      ,0
 000000 ,4      ,0
 000000 ,5      ,0
 000000 ,6      ,0
 000000 ,7      ,0
 000000 ,8      ,0
 000444 ,STAR_TIPS,80,80,80,0,0,80
 000594 ,STAR_TIPS,70,70,70,0,0,70
 000744 ,STAR_TIPS,60,60,60,0,0,60
 000894 ,STAR_TIPS,50,50,50,0,0,50
 001044 ,STAR_TIPS,40,40,40,0,0,40
 001194 ,STAR_TIPS,30,30,30,0,0,30
 001344 ,STAR_TIPS,20,20,20,0,0,20
 001494 ,STAR_TIPS,10,10,10,0,0,10
 001644 ,STAR_TIPS,00,00,00,0,0,00
 002230 ,STAR_TIPS,0,0,80,80,80,80
 002380 ,STAR_TIPS,0,0,70,70,70,70
 002530 ,STAR_TIPS,0,0,60,60,60,60
 002680 ,STAR_TIPS,0,0,50,50,50,50
 002830 ,STAR_TIPS,0,0,40,40,40,40
 002980 ,STAR_TIPS,0,0,30,30,30,30
 003130 ,STAR_TIPS,0,0,20,20,20,20
 003280 ,STAR_TIPS,0,0,10,10,10,10
 003430 ,STAR_TIPS,0,0,00,0,00,00
 004113 ,STAR_TIPS,80,80,80,0,0,80
 005730 ,STAR_TIPS,40,40,80,40,40,80
 005830 ,STAR_TIPS,0,0,80,80,80,80
 006430 ,STAR_TIPS,0,0,60,60,60,60
 006530 ,STAR_TIPS,0,0,40,40,40,40
 006630 ,STAR_TIPS,0,0,0,0,0,0
 007540 ,STAR_TIPS,120,120,120,0,0,80
 009100 ,STAR_TIPS,80,80,120,30,30,80
 009200 ,STAR_TIPS,50,50,120,50,50,80
 009300 ,STAR_TIPS,20,20,130,65,65,80
 009400 ,STAR_TIPS,0,0,140,80,80,80
 011000 ,STAR_TIPS,0,0,120,70,70,70
 011200 ,STAR_TIPS,0,0,100,60,60,60
 011400 ,STAR_TIPS,0,0,80,50,50,50
 011600 ,STAR_TIPS,0,0,60,40,40,40
 011800 ,STAR_TIPS,0,0,40,30,30,30
 012000 ,STAR_TIPS,0,0,20,20,20,20
 012200 ,STAR_TIPS,0,0,10,10,10,10
 012400 ,STAR_TIPS,0,0,0,0,0,0
 014000 ,STAR_SOLID,0,0,10
 014200 ,STAR_SOLID,0,0,20
 014400 ,STAR_SOLID,0,0,30
 014600 ,STAR_SOLID,0,0,40
 014800 ,STAR_SOLID,0,0,50
 015000 ,STAR_SOLID,0,0,60
 015300 ,BLINK,15,5,5,5,0,0,60
 021570 ,8,1
 030323 ,3,1
 032180 ,2,1
 032180 ,4,1
 033799 ,1,1
 033799 ,5,1
 035232 ,8,0
 035742 ,BLINK_END
 035742 ,STAR_SOLID,0,0,60
 035942 ,STAR_SOLID,0,0,50
 036142 ,STAR_SOLID,0,0,40
 036342 ,STAR_SOLID,0,0,30
 036542 ,STAR_SOLID,0,0,20
 036742 ,STAR_SOLID,0,0,10
 036942 ,STAR_SOLID,0,0,0
 037000 ,2,0
 037500 ,5,0
 038000 ,1,0
 038500 ,4,0
 039000 ,3,0
 042400 ,5,1
 042550 ,4,1
 042700 ,3,1
 042700 ,5,0 
 042850 ,2,1
 042850 ,4,0
 043000 ,1,1
 043000 ,3,0
 043000 ,STAR_TIPS,150,50,255,0,0,0
 043100 ,STAR_SOLID,150,50,255
 043150 ,2,0
 043300 ,1,0
 045790 ,5,1
 045940 ,4,1
 046090 ,3,1
 046090 ,5,0 
 046240 ,2,1
 046240 ,4,0
 046390 ,1,1
 046390 ,3,0
 046390 ,STAR_TIPS,255,130,0,150,50,255
 046490 ,STAR_SOLID,255,130,0
 046540 ,2,0
 046690 ,1,0
 049250 ,5,1
 049400 ,4,1
 049550 ,3,1
 049550 ,5,0 
 049700 ,2,1
 049700 ,4,0
 049850 ,1,1
 049850 ,3,0
 049850 ,STAR_TIPS,150,150,255,255,130,0
 049950 ,STAR_SOLID,150,150,255
 050000 ,2,0
 050150 ,1,0
 053000 ,5,1
 053500 ,4,1
 054000 ,3,1
 054500 ,2,1
 055000 ,1,1
 055000 ,STAR_VERT,95,150,150,255,255,255,255
 055100 ,STAR_VERT,85,150,150,255,255,255,255
 055200 ,STAR_VERT,65,150,150,255,255,255,255
 055300 ,STAR_VERT,45,150,150,255,255,255,255
 055400 ,STAR_VERT,25,150,150,255,255,255,255
 055500 ,STAR_VERT,5,150,150,255,255,255,255
 055600 ,STAR_VERT,0,150,150,255,255,255,255
 060000 ,1,0
 060000 ,2,0
 060000 ,3,0
 060000 ,4,0
 060000 ,5,0
 060150 ,3,1
 060300 ,3,0
 060500 ,3,1
 060650 ,3,0
 060990 ,3,1
 061140 ,3,0
 061460 ,3,1
 061610 ,3,0
 061880 ,2,1
 061880 ,4,1
 062030 ,2,0
 062030 ,4,0
 062330 ,2,1
 062330 ,4,1
 062480 ,2,0
 062480 ,4,0
 062750 ,2,1
 062750 ,4,1
 062900 ,2,0
 062900 ,4,0
 063150 ,3,1
 063300 ,3,0
 063673 ,3,1
 063823 ,3,0
 064163 ,3,1
 064310 ,3,0 
 064560 ,3,1
 064710 ,3,0
 064900 ,3,1
 065050 ,3,0
 065380 ,2,1
 065530 ,2,0
 065820 ,4,1
 065970 ,4,0
 066270 ,2,1
 066420 ,2,0
 066660 ,3,1
 066810 ,3,0
 067120 ,4,1
 067270 ,4,0
 067560 ,2,1
 067710 ,2,0
 068000 ,3,1
 068150 ,3,0
 068450 ,4,1
 068600 ,4,0
 068900 ,3,1
 069050 ,3,0
 070640 ,3,1
 070940 ,3,0
 071640 ,3,1
 071840 ,3,0
 071980 ,3,1
 072180 ,3,0
 072510 ,3,1
 072710 ,3,0
 074100 ,5,1
 074600 ,4,1
 075100 ,3,1
 075100 ,5,0
 075600 ,2,1
 075600 ,4,0
 076000 ,1,1
 076000 ,3,0
 076500 ,2,0
 077000 ,1,0
 077600 ,5,1
 078100 ,4,1
 078600 ,3,1
 078600 ,5,0
 079100 ,2,1
 079100 ,4,0
 079600 ,1,1
 079600 ,3,0
 080100 ,2,0
 080200 ,1,0
 087073 ,3,1
 087299 ,4,1
 087299 ,3,0
 087501 ,2,1
 087501 ,4,0
 087734 ,5,1
 087734 ,2,0
 087960 ,1,1
 087960 ,5,0
 088126 ,1,0
 088126 ,7,1
 089870 ,STAR_TIPS,0,255,0,200,200,200
 090390 ,STAR_TIPS,200,200,200,0,255,0
 090850 ,STAR_TIPS,0,255,0,200,200,200
 091270 ,STAR_TIPS,200,200,200,0,255,0
 091700 ,STAR_TIPS,0,255,0,200,200,200
 092150 ,STAR_TIPS,200,200,200,0,255,0
 092540 ,STAR_TIPS,0,255,0,200,200,200
 093040 ,STAR_TIPS,200,200,200,0,255,0
 093475 ,STAR_TIPS,0,255,0,200,200,200
 093900 ,STAR_TIPS,200,200,200,0,255,0
 094331 ,STAR_TIPS,0,255,0,200,200,200
 094778 ,STAR_SOLID,0,175,0
 095000 ,BLINK,15,51,51,51,0,175,0
 103900 ,7,0
 103900 ,5,1
 104075 ,4,1
 104075 ,5,0
 104250 ,3,1
 104250 ,4,0
 104425 ,3,0
 104425 ,2,1
 104600 ,1,1
 104600 ,2,0
 104775 ,2,1
 104775 ,1,0
 104950 ,3,1
 104950 ,2,0
 105125 ,4,1
 105125 ,3,0
 105300 ,5,1
 105300 ,4,0
 105438 ,8,1
 105438 ,5,0
 105438 ,BLINK_END
 105438 ,STAR_SOLID,0,0,255
 109932 ,8,0
 109932 ,STAR_SOLID,0,0,0
 110800 ,5,1
 111200 ,4,1
 111200 ,5,0
 111600 ,3,1
 111600 ,4,0
 112000 ,2,1
 112000 ,3,0
 112400 ,1,1
 112400 ,2,0
 112600 ,1,0
 112600 ,STAR_POINT4,255,255,255
 112600 ,STAR_POINT5,255,255,255
 112800 ,STAR_POINT1,255,255,255
 112800 ,STAR_POINT3,255,255,255 
 113000 ,STAR_POINT2,255,255,255
 113200 ,STAR_POINT2,0,255,0
 113200 ,7,1
 113400 ,STAR_POINT1,0,255,0
 113400 ,STAR_POINT3,0,255,0
 113600 ,STAR_POINT4,0,255,0
 113600 ,STAR_POINT5,0,255,0
 116205 ,1,1
 116405 ,1,0
 116628 ,2,1
 116828 ,2,0
 117093 ,3,1
 117293 ,3,0
 117521 ,4,1
 117721 ,4,0
 117962 ,5,1
 118162 ,5,0
 118409 ,3,1
 118609 ,3,0
 118843 ,2,1
 118843 ,3,1
 118843 ,4,1
 119043 ,2,1
 119043 ,3,1
 119043 ,4,1
 119290 ,2,1
 119290 ,3,1
 119290 ,4,1
 119490 ,2,0
 119490 ,3,0
 119490 ,4,0
 119500 ,7,0
 119500 ,5,1
 119800 ,3,1
 120000 ,STAR_SOLID,255,255,255
 120200 ,1,1
 120450 ,4,1
 120736 ,2,1
 121000 ,1,0
 121000 ,2,0
 121000 ,3,0
 121000 ,4,0
 121000 ,5,0
 121000 ,STAR_SOLID,0,0,0
 121500 ,3,1
 121600 ,2,1
 121600 ,4,1
 121700 ,1,1
 121700 ,5,1
 121700 ,3,0
 121800 ,2,0
 121800 ,4,0
 121800 ,8,1
 121800 ,BLINK,8,51,51,51,0,0,255
 121900 ,1,0
 121900 ,5,0
 128450 ,3,1
 128450 ,8,0
 128550 ,2,1
 128550 ,4,1
 128650 ,1,1
 128650 ,5,1
 128650 ,3,0
 128750 ,2,0
 128750 ,4,0
 128850 ,1,0
 128850 ,5,0
 128850 ,BLINK_END
 128850 ,BLINK,8,51,51,51,0,255,0
 128850 ,7,1
 135472 ,3,1
 136163 ,2,1
 136163 ,4,1
 136886 ,1,1
 136886 ,5,1
 136886 ,7,0
 136886 ,BLINK_END
 136886 ,STAR_TIPS,255,255,255,0,255,0
 136986 ,STAR_TIPS,255,255,255,20,255,20
 137086 ,STAR_TIPS,255,255,255,40,255,40
 137186 ,STAR_TIPS,255,255,255,60,255,60
 137286 ,STAR_TIPS,255,255,255,80,255,80
 137386 ,STAR_TIPS,255,255,255,100,255,100
 137486 ,STAR_TIPS,255,255,255,120,255,120
 137586 ,STAR_TIPS,255,255,255,140,255,140
 137686 ,STAR_TIPS,255,255,255,160,255,160
 137786 ,STAR_TIPS,255,255,255,180,255,180
 137886 ,STAR_TIPS,255,255,255,200,255,200
 137986 ,STAR_TIPS,255,255,255,220,255,220
 138086 ,STAR_TIPS,255,255,255,240,255,240
 138186 ,STAR_TIPS,255,255,255,255,255,255
 139022 ,STAR_SOLID,200,255,255
 139222 ,STAR_SOLID,180,255,255
 139422 ,STAR_SOLID,160,255,255
 139622 ,STAR_SOLID,140,255,255
 139822 ,STAR_SOLID,120,255,255
 140222 ,STAR_SOLID,100,255,255
 140422 ,STAR_SOLID,85,255,255
 140622 ,STAR_SOLID,70,255,255
 145800 ,STAR_POINT2,0,0,0
 146000 ,STAR_POINT1,0,0,0
 146000 ,STAR_POINT3,0,0,0
 146100 ,1,0
 146200 ,STAR_POINT4,0,0,0
 146200 ,STAR_POINT5,0,0,0
 146200 ,2,0
 146300 ,3,0
 146400 ,4,0
 146500 ,5,0
 148000 ,STAR_TIPS,255,255,255,0,255,0
 148200 ,STAR_TIPS,0,255,0,0,0,255
 148400 ,STAR_TIPS,0,0,255,255,255,255
 148600 ,STAR_TIPS,255,255,255,0,255,0
 148800 ,STAR_TIPS,0,255,0,0,0,255
 149000 ,STAR_TIPS,0,0,255,255,255,255
 149200 ,STAR_TIPS,255,255,255,0,255,0
 149400 ,STAR_TIPS,0,255,0,0,0,255
 149600 ,STAR_TIPS,0,0,255,255,255,255
 149800 ,STAR_TIPS,255,255,255,0,255,0
 150000 ,STAR_TIPS,0,255,0,0,0,255
 150200 ,STAR_TIPS,0,0,255,255,255,255
 150400 ,STAR_TIPS,255,255,255,0,255,0
 150600 ,STAR_TIPS,0,255,0,0,0,255
 150800 ,STAR_TIPS,0,0,255,255,255,255
 151000 ,STAR_TIPS,255,255,255,0,255,0
 151200 ,STAR_TIPS,0,255,0,0,0,255
 151400 ,STAR_TIPS,0,0,255,255,255,255
 151600 ,STAR_TIPS,255,255,255,0,255,0
 151800 ,STAR_TIPS,0,255,0,0,0,255
 152000 ,STAR_TIPS,0,0,255,255,255,255
 152200 ,STAR_TIPS,255,255,255,0,255,0
 152400 ,STAR_TIPS,0,255,0,0,0,255
 152600 ,STAR_TIPS,0,0,255,255,255,255
 152800 ,STAR_TIPS,255,255,255,0,255,0
 153000 ,STAR_TIPS,0,255,0,0,0,255
 153200 ,STAR_TIPS,0,0,255,255,255,255
 153300 ,STAR_SOLID,0,0,0
 160000 ,5,1
 160050 ,4,1
 160100 ,3,1
 160150 ,2,1
 160200 ,1,1
 160250 ,7,1
 160250 ,8,1
 160250 ,STAR_POINT1,0,255,40
 160250 ,STAR_POINT2,0,0,200
 160250 ,STAR_POINT3,0,255,40
 160250 ,STAR_POINT4,0,0,200
 160250 ,STAR_POINT5,0,0,200
 166500 ,STAR_SOLID,0,0,0
 166500 ,7,0
 166500 ,8,0
 166600 ,1,0
 166650 ,2,0
 166700 ,3,0
 166750 ,4,0
 166800 ,5,0
 167000 ,5,1
 167050 ,4,1
 167100 ,3,1
 167150 ,2,1
 167200 ,1,1
 167250 ,7,1
 167250 ,8,1
 167250 ,STAR_POINT1,0,0,255
 167250 ,STAR_POINT2,0,150,40
 167250 ,STAR_POINT3,0,0,255
 167250 ,STAR_POINT4,0,150,40
 167250 ,STAR_POINT5,0,150,40
 173500 ,7,0
 173500 ,8,0
 173550 ,STAR_SOLID,0,0,0
 173600 ,1,0
 173650 ,2,0
 173700 ,3,0
 173750 ,4,0
 173800 ,5,0
 174100 ,5,1
 174150 ,4,1
 174200 ,3,1
 174250 ,2,1
 174300 ,1,1
 174300 ,STAR_SOLID,255,255,255
 174350 ,5,0
 174400 ,4,0
 174450 ,3,0
 174500 ,2,0
 174550 ,1,0
 174600 ,STAR_SOLID,0,0,0
 177700 ,STAR_VERT,25,255,255,255,0,255,0
 177800 ,STAR_VERT,50,255,255,255,0,255,0
 177900 ,STAR_VERT,75,255,255,255,0,255,0
 178000 ,STAR_VERT,100,255,255,255,0,255,0
 178260 ,STAR_VERT,25,0,255,0,255,255,255
 178360 ,STAR_VERT,50,0,255,0,255,255,255
 178460 ,STAR_VERT,75,0,255,0,255,255,255
 178560 ,STAR_VERT,100,0,255,0,255,255,255
 178675 ,STAR_VERT,25,255,255,255,0,0,255
 178775 ,STAR_VERT,50,255,255,255,0,0,255
 178875 ,STAR_VERT,75,255,255,255,0,0,255
 178975 ,STAR_VERT,100,255,255,255,0,0,255
 179050 ,STAR_VERT,25,0,0,255,255,255,255
 179150 ,STAR_VERT,50,0,0,255,255,255,255
 179250 ,STAR_VERT,75,0,0,255,255,255,255
 179350 ,STAR_VERT,100,0,0,255,255,255,255
 179450 ,STAR_VERT,25,255,255,255,0,255,0
 179550 ,STAR_VERT,50,255,255,255,0,255,0
 179650 ,STAR_VERT,75,255,255,255,0,255,0
 179750 ,STAR_VERT,100,255,255,255,0,255,0
 179850 ,STAR_VERT,25,0,255,0,255,255,255
 179950 ,STAR_VERT,50,0,255,0,255,255,255
 180050 ,STAR_VERT,75,0,255,0,255,255,255
 180150 ,STAR_VERT,100,0,255,0,255,255,255
 180250 ,STAR_VERT,25,255,255,255,0,0,255
 180350 ,STAR_VERT,50,255,255,255,0,0,255
 180450 ,STAR_VERT,75,255,255,255,0,0,255
 180550 ,STAR_VERT,100,255,255,255,0,0,255
 180650 ,STAR_VERT,25,0,0,255,255,255,255
 180750 ,STAR_VERT,50,0,0,255,255,255,255
 180850 ,STAR_VERT,75,0,0,255,255,255,255
 180950 ,STAR_VERT,100,0,0,255,255,255,255
 181150 ,STAR_VERT,25,255,255,255,0,255,0
 181200 ,2,1
 181250 ,STAR_VERT,50,255,255,255,0,255,0
 181350 ,STAR_VERT,75,255,255,255,0,255,0
 181400 ,4,1
 181400 ,2,0
 181450 ,STAR_VERT,100,255,255,255,0,255,0
 181600 ,1,1
 181600 ,4,0
 181800 ,5,1
 181800 ,1,1
 182000 ,3,1
 182000 ,1,0
 182000 ,5,0
 182000 ,STAR_SOLID,0,0,0
 182200 ,3,0
 182300 ,STAR_POINT5,0,0,255
 182500 ,STAR_POINT1,0,0,255
 182700 ,STAR_POINT2,0,0,255
 182900 ,8,1
 182900 ,STAR_POINT3,0,0,255
 183100 ,STAR_POINT4,0,0,255
 184500 ,7,1
 186200 ,8,0
 186200 ,STAR_INSIDE_SOLID,0,255,0
 186400 ,STAR_SOLID,0,255,0
 189700 ,5,1
 189800 ,4,1
 189900 ,3,1
 189900 ,5,0
 190000 ,2,1
 190000 ,4,0
 190100 ,1,1
 190100 ,3,0
 190200 ,STAR_SOLID,255,255,255
 190200 ,2,0
 190300 ,1,0
 191500 ,8,1
 192000 ,STAR_POINT2,0,0,255
 192100 ,STAR_POINT3,200,200,200
 192200 ,STAR_POINT4,0,0,255
 192300 ,STAR_POINT5,200,200,200
 192400 ,STAR_POINT1,0,0,255
 192500 ,STAR_POINT2,200,200,200
 192600 ,STAR_POINT3,0,0,255
 192700 ,STAR_POINT4,200,200,200
 192800 ,STAR_POINT5,0,0,255
 192900 ,STAR_POINT1,200,200,200
 193000 ,STAR_POINT2,0,0,255
 193100 ,STAR_POINT3,200,200,200
 193200 ,STAR_POINT4,0,0,255
 193300 ,STAR_POINT5,200,200,200
 193400 ,STAR_POINT1,0,0,255
 193500 ,STAR_POINT2,200,200,200
 193600 ,STAR_POINT3,0,0,255
 193700 ,STAR_POINT4,200,200,200
 193800 ,STAR_POINT5,0,0,255
 193900 ,STAR_POINT1,200,200,200
 194000 ,STAR_POINT2,0,0,255
 194100 ,STAR_POINT3,200,200,200
 194200 ,STAR_POINT4,0,0,255
 194300 ,STAR_POINT5,200,200,200
 194400 ,STAR_POINT1,0,0,255
 194500 ,STAR_POINT2,200,200,200
 194600 ,STAR_POINT3,0,0,255
 194700 ,STAR_POINT4,200,200,200
 194800 ,STAR_POINT5,0,0,255
 194900 ,STAR_POINT1,200,200,200
 195000 ,STAR_POINT2,0,0,255
 195100 ,STAR_POINT3,200,200,200
 195200 ,STAR_POINT4,0,0,255
 195300 ,STAR_POINT5,200,200,200
 195400 ,STAR_POINT1,0,0,255
 195500 ,STAR_POINT2,200,200,200
 195600 ,STAR_POINT3,0,0,255
 195700 ,STAR_POINT4,200,200,200
 195800 ,STAR_POINT5,0,0,255
 195900 ,STAR_POINT1,200,200,200
 196000 ,STAR_SOLID,150,150,150
 196100 ,STAR_SOLID,50,50,50
 196200 ,STAR_SOLID,0,0,0
 196200 ,1,0
 196200 ,2,0
 196200 ,3,0
 196200 ,4,0
 196200 ,5,0
 196200 ,6,0
 196200 ,7,0
 196200 ,8,0
 196800 ,5,1 
 196900 ,4,1 
 197000 ,3,1 
 197100 ,2,1 
 197200 ,1,1 
 197300 ,7,1
 197300 ,STAR_SOLID,0,255,0
 197300 ,1,0
 197300 ,2,0
 197300 ,3,0
 197300 ,4,0
 197300 ,5,0
 197500 ,5,1
 197600 ,4,1
 197700 ,3,1
 197800 ,2,1
 197900 ,1,1
 198000 ,8,1
 198000 ,7,0
 198000 ,1,0
 198000 ,2,0
 198000 ,3,0
 198000 ,4,0
 198000 ,5,0
 198000 ,STAR_SOLID,0,0,255
 198100 ,5,1
 198200 ,4,1
 198300 ,3,1
 198400 ,2,1
 198500 ,1,1
 198600 ,7,1
 198700 ,STAR_POINT4,255,255,255
 198700 ,STAR_POINT5,255,255,255
 198850 ,STAR_POINT1,255,255,255
 198850 ,STAR_POINT3,255,255,255
 199000 ,STAR_POINT2,255,255,255
 199450 ,STAR_POINT2,0,0,0
 199550 ,STAR_POINT1,0,0,0
 199550 ,STAR_POINT3,0,0,0
 199650 ,STAR_POINT4,0,0,0
 199650 ,STAR_POINT5,0,0,0
 199650 ,7,0
 199650 ,8,0
 199650 ,1,0
 199800 ,2,0
 199950 ,3,0
 199100 ,4,0
 199250 ,5,0
 200353 ,8,1
 200353 ,STAR_SOLID,255,255,255
 201096 ,7,1
 201096 ,8,0
 201760 ,7,1
 201760 ,8,1
 206200 ,7,0
 206200 ,8,0
 206200 ,STAR_SOLID,150,150,150
 206300 ,STAR_SOLID,0,0,0
 206900 ,STAR_POINT2,255,255,255
 207000 ,STAR_POINT1,255,255,255
 207000 ,STAR_POINT3,255,255,255
 207100 ,STAR_POINT4,255,255,255
 207100 ,STAR_POINT5,255,255,255
 207200 ,8,1
 207200 ,1,1
 207300 ,2,1
 207400 ,3,1
 207500 ,1,0
 207500 ,4,1
 207600 ,2,0
 207600 ,5,1
 207600 ,3,0
 207700 ,1,1
 207700 ,4,0
 207800 ,2,1
 207800 ,5,0
 207900 ,3,1
 207900 ,1,0
 208000 ,4,1
 208000 ,2,0
 208100 ,5,1
 208100 ,3,0
 208200 ,1,1
 208200 ,4,0
 208300 ,2,1
 208300 ,5,0
 208400 ,3,1
 208400 ,1,0
 208500 ,4,1
 208500 ,2,0
 208600 ,5,1
 208600 ,3,0
 208700 ,1,1
 208700 ,4,0
 208800 ,2,1
 208800 ,5,0
 208900 ,3,1
 208900 ,1,0
 209000 ,4,1
 209000 ,2,0
 209100 ,5,1
 209100 ,3,0
 209200 ,1,1
 209200 ,4,0
 209300 ,2,1
 209300 ,5,0
 209400 ,3,1
 209400 ,1,0
 209500 ,4,1
 209500 ,2,0
 209600 ,5,1
 209600 ,3,0
 209700 ,1,1
 209700 ,4,0
 209800 ,2,1
 209800 ,5,0
 209900 ,3,1
 209900 ,1,0
 210000 ,4,1
 210000 ,2,0
 210100 ,5,1
 210100 ,3,0
 210200 ,1,1
 210200 ,4,0
 210300 ,2,1
 210300 ,5,0
 210400 ,3,1
 210400 ,1,0
 210500 ,4,1
 210500 ,2,0
 210600 ,5,1
 210700 ,1,1
 210800 ,2,1
 214362 ,STAR_SOLID,0,0,0  
 214362 ,7,0
 214362 ,8,0
 214362 ,1,0
 214412 ,5,0
 214462 ,2,0
 214512 ,4,0
 214562 ,3,0
 227000 ,END    ,1

